fx:1753.151676289
fy:1768.800432311
px:1912.216538992
py:1106.447653345
dist:-0.275019279,0.123295749,-0.000608426,0.002063055,-0.032022357